时刻（s）    	纬度(°)     	经度(°)        椭球高（m）  	航向方位角(°)  东速度(m/s)    北速度(m/s) 上升速度(m/s)
23520.00445 	40.8402972 	109.5250845 	3279.308 	284.662 	-51.719 	13.984 	-0.253 
23520.00945 	40.8402978 	109.5250814 	3279.306 	284.664 	-51.718 	13.980 	-0.255 
23520.01445 	40.8402984 	109.5250784 	3279.305 	284.666 	-51.729 	13.970 	-0.254 
23520.01945 	40.8402990 	109.5250753 	3279.304 	284.667 	-51.726 	13.974 	-0.252 
23520.02945 	40.8403003 	109.5250692 	3279.301 	284.672 	-51.722 	13.981 	-0.259 
23520.03445 	40.8403009 	109.5250661 	3279.300 	284.674 	-51.727 	13.975 	-0.263 
23520.03945 	40.8403016 	109.5250630 	3279.299 	284.675 	-51.724 	13.977 	-0.261 
23520.04445 	40.8403022 	109.5250600 	3279.297 	284.677 	-51.723 	13.981 	-0.256 
23520.04945 	40.8403028 	109.5250569 	3279.296 	284.679 	-51.727 	13.974 	-0.257 
23520.05445 	40.8403034 	109.5250538 	3279.295 	284.681 	-51.726 	13.974 	-0.261 
23520.05945 	40.8403041 	109.5250508 	3279.293 	284.682 	-51.722 	13.983 	-0.261 
23520.06444 	40.8403047 	109.5250477 	3279.292 	284.684 	-51.721 	13.982 	-0.260 
23520.06944 	40.8403053 	109.5250446 	3279.291 	284.686 	-51.726 	13.973 	-0.257 
23520.07444 	40.8403060 	109.5250416 	3279.290 	284.687 	-51.725 	13.974 	-0.256 
23520.07944 	40.8403066 	109.5250385 	3279.288 	284.689 	-51.724 	13.979 	-0.260 
23520.08444 	40.8403072 	109.5250355 	3279.287 	284.690 	-51.726 	13.978 	-0.266 
23520.08944 	40.8403078 	109.5250324 	3279.286 	284.692 	-51.726 	13.972 	-0.266 
23520.09444 	40.8403085 	109.5250293 	3279.284 	284.693 	-51.722 	13.980 	-0.264 
23520.09944 	40.8403091 	109.5250263 	3279.283 	284.695 	-51.723 	13.980 	-0.266 
23520.10444 	40.8403097 	109.5250232 	3279.282 	284.696 	-51.729 	13.971 	-0.268 
23521.00434 	40.8404232 	109.5244714 	3278.966 	284.682 	-51.765 	14.022 	-0.412 
23522.00422 	40.8405494 	109.5238578 	3278.557 	284.371 	-51.789 	14.077 	-0.428 
23522.99910 	40.8406756 	109.5232468 	3278.134 	284.432 	-51.842 	14.069 	-0.332 
23523.99898 	40.8408021 	109.5226325 	3277.939 	284.928 	-51.834 	14.087 	-0.121 
23524.98387 	40.8409274 	109.5220275 	3277.785 	284.846 	-51.821 	14.175 	-0.211 
23524.98887 	40.8409280 	109.5220244 	3277.784 	284.844 	-51.817 	14.180 	-0.217 
23524.99387 	40.8409287 	109.5220214 	3277.783 	284.843 	-51.812 	14.182 	-0.225 
23524.99887 	40.8409293 	109.5220183 	3277.781 	284.842 	-51.821 	14.178 	-0.227 
23525.00387 	40.8409299 	109.5220152 	3277.780 	284.840 	-51.817 	14.178 	-0.229 
23525.00887 	40.8409306 	109.5220122 	3277.779 	284.837 	-51.812 	14.185 	-0.230 
23525.01387 	40.8409312 	109.5220091 	3277.778 	284.835 	-51.820 	14.184 	-0.234 
23525.01887 	40.8409318 	109.5220060 	3277.777 	284.834 	-51.821 	14.177 	-0.235 
23525.99875 	40.8410570 	109.5214036 	3277.305 	284.532 	-51.937 	14.148 	-0.622 
23526.99863 	40.8411837 	109.5207877 	3276.816 	284.560 	-51.976 	14.042 	-0.268 
23527.99852 	40.8413102 	109.5201717 	3276.580 	284.611 	-51.981 	14.116 	-0.310 
23529.00340 	40.8414384 	109.5195527 	3276.254 	284.574 	-51.969 	14.254 	-0.290 
23530.00328 	40.8415674 	109.5189370 	3275.999 	284.817 	-51.965 	14.406 	-0.246 
23530.49822 	40.8416317 	109.5186323 	3275.924 	285.119 	-51.916 	14.486 	-0.068 
23530.99817 	40.8416972 	109.5183249 	3275.922 	285.270 	-51.862 	14.611 	0.002 
23532.00305 	40.8418301 	109.5177075 	3275.879 	285.146 	-51.835 	14.742 	-0.064 
23532.99793 	         	109.5170965 	3275.858 	285.039 	-51.806 	14.799 	0.008 
23534.00281 	40.8420965 	109.5164798 	3275.897 	285.144 	-51.774 	14.855 	0.019 
23534.50275 	40.8421633 	109.5161730 	3275.883 	285.213 	-51.784 	14.852 	-0.055 
23534.99770 	40.8422295 	109.5158692 	3275.862 	285.250 	-51.774 	14.876 	-0.024 
23535.50264 	40.8422973 	109.5155595 	3275.860 	285.236 	-51.738 	14.960 	0.025 
23537.49740 	40.8425674 	109.5143376 	3275.966 	285.858 	-51.667 	15.139 	-0.144 
23537.99734 	40.8426356 	109.5140314 	3275.871 	285.760 	-51.685 	15.139 	-0.220 
23539.00223 	40.8427726 	109.5134157 	3275.611 	285.323 	-51.713 	15.156 	-0.298 
23540.00211 	40.8429092 	109.5128029 	3275.289 	285.417 	-51.716 	15.258 	-0.387 
23540.99699 	40.8430457 		 	3274.746 	285.748 	-51.827 	15.187 	-0.607 
23543.00176 	40.8433170 	109.5109582 	3273.414 	285.002 	-52.127 	14.722 	-0.737 
23544.00164 	40.8434477 	109.5103395 	3272.761 	284.479 	-52.286 	14.355 	-0.568 
23544.50158 	40.8435120 	109.5100294 	3272.490 	284.244 	-52.374 	14.205 	-0.506 
23545.50147 	40.8436384 	109.5094083 	3272.198 	284.230 	-52.441 	13.871 	-0.076 
23546.00141 	40.8437005 	109.5090976 	3272.196 	284.370 	-52.463 	13.736 	-0.015 
23547.00129 	40.8438231 	109.5084757 	3272.186 	284.127 	-52.485 	13.537 	0.034 
23548.00117 	40.8439446 	109.5078536 	3272.142 	283.600 	-52.516 	13.444 	-0.150 
23549.00106 	40.8440650 	109.5072310 	3272.058 	283.761 	-52.509 	13.312 	0.174 
23550.00094 	40.8441850 	109.5066091 	3272.262 	283.888 	-52.454 	13.373 	0.117 
23550.01094 	40.8441862 	109.5066029 	3272.263 	283.888 	-52.459 	13.366 	0.113 
23550.01594 	40.8441868 	109.5065998 	3272.264 	283.888 	-52.458 	13.370 	0.112 
23551.00082 	40.8443052 	109.5059874 	3272.303 	283.693 	-52.447 	13.329 	0.101 
23551.99571 	40.8444243 	109.5053692 	3272.433 	283.466 	-52.447 	13.236 	0.096 
23553.00059 	40.8445433 	109.5047448 	3272.617 	283.525 	-52.381 	13.158 	0.261 
23555.00035 	40.8447822 	109.5035046 	3273.039 	283.727 	-52.228 	13.446 	0.212 
23556.00024 	40.8449037 	109.5028859 	3273.176 	283.860 	-52.178 	13.505 	0.171 
23557.00012 	40.8450253 	109.5022679 	3273.326 	284.010 	-52.124 	13.554 	0.036 
23558.00000 	40.8451474 	109.5016500 	3273.201 	283.953 	-52.157 	13.547 	-0.190 
23558.99989 	40.8452690 	109.5010318 	3273.122 	283.983 	-52.142 	13.485 	0.103 
23559.99977 	40.8453906 	109.5004142 	3273.296 	283.792 	-52.092 	13.553 	0.187 
23560.99965 	40.8455131 	109.4997970 	3273.419 	283.756 	-52.071 	13.607 	0.210 
23561.99953 	40.8456354 	109.4991807 	3273.838 	284.135 	-51.953 	13.609 	0.504 
23562.99942 	40.8457584 	109.4985655 	3274.250 	284.258 	-51.880 	13.710 	0.320 
23564.00430 	40.8458829 	109.4979479 	3274.485 	284.192 	-51.823 	13.831 	0.157 
23564.99918 	40.8460069 	109.4973372 	3274.655 	284.389 	-51.779 	13.856 	0.201 
23566.99895 	40.8462585 	109.4961114 	3274.970 	284.491 	-51.668 	14.103 	0.092 
23568.00383 	40.8463862 	109.4954959 	3275.010 	284.737 	-51.712 	14.111 	0.011 
23569.00371 	40.8465132 	109.4948835 	3275.177 	284.526 	-51.656 	14.174 	0.148 
23569.99860 	40.8466400 	109.4942741 	3275.264 	284.380 	-51.692 	14.101 	0.115 
23570.99848 	40.8467660 	109.4936615 	3275.463 	284.509 	-51.688 	13.938 	0.254 
23572.00336 	40.8468913 	109.4930454 	3275.588 	284.507 	-51.775 	13.755 	-0.007 
23572.99825 	40.8470141 	109.4924347 	3275.497 	284.091 	-51.814 	13.729 	-0.227 
561111
23575.00301 	40.8472622 	109.4912013 	3274.828 	284.164 	-51.964 	13.827 	-0.237 
23575.99789 	40.8473863 	109.4905884 	3274.742 	284.692 	-51.968 	13.933 	0.146 
23577.00278 	40.8475133 	109.4899701 	3275.083 	284.527 	-51.883 	14.137 	0.380 
23579.00254 	40.8477683 	109.4887412 	3276.099 	285.042 	-51.759 	14.179 	0.828 
23579.49748 	40.8478316 	109.4884377 	3276.499 	284.964 	-51.733 	14.235 	0.737 
23580.00242 	40.8478963 	109.4881282 	3276.847 	284.762 	-51.696 	14.281 	0.678 
23580.49737 	40.8479600 	109.4878250 	3277.174 	284.543 	-51.665 	14.315 	0.634 
23581.49225 	40.8480881 	109.4872159 	3277.759 	284.644 	-51.661 	14.255 	0.597 
23581.49725 	40.8480887 	109.4872128 	3277.762 	284.646 	-51.662 	14.248 	0.602 
23581.50225 	40.8480893 	109.4872098 	3277.765 	284.648 	-51.659 	14.248 	0.599 
23581.50725 	40.8480900 	109.4872067 	3277.768 	284.651 	-51.658 	14.253 	0.599 
23582.00219 	40.8481533 	109.4869038 	3278.108 	284.896 	-51.620 	14.192 	0.766 
23582.93208 	40.8482719 	109.4863351 	3278.843 	284.907 	-51.576 	14.171 	0.732 
23582.93708 	40.8482725 	109.4863320 	3278.846 	284.905 	-51.578 	14.169 	0.734 
23582.94208 	40.8482732 	109.4863290 	3278.850 	284.902 	-51.580 	14.167 	0.738 
23582.94708 	40.8482738 	109.4863259 	3278.854 	284.900 	-51.578 	14.172 	0.733 
23582.95208 	40.8482744 	109.4863229 	3278.857 	284.898 	-51.578 	14.170 	0.729 
23582.95708 	40.8482751 	109.4863198 	3278.861 	284.896 	-51.578 	14.169 	0.727 
23582.96208 	40.8482757 	109.4863168 		 	284.894 	-51.576 	14.175 	0.729 
23582.96708 	40.8482764 	109.4863137 	3278.868 	284.891 	-51.573 	14.174 	0.732 
23582.97208 	40.8482770 	109.4863106 	3278.872 	284.889 	-51.578 	14.168 	0.731 
23582.97708 	40.8482776 	109.4863076 	3278.876 	284.887 	-51.580 	14.171 	0.726 
23582.98208 	40.8482783 	109.4863045 	3278.879 	284.885 	-51.576 	14.174 	0.726 
23582.98708 	40.8482789 	109.4863015 	3278.883 	284.882 	-51.574 	14.175 	0.723 
23582.99207 	40.8482795 	109.4862984 	3278.887 	284.880 	-51.578 	14.170 	0.723 
23582.99707 	40.8482802 	109.4862954 	3278.890 	284.877 	-51.574 	14.172 	0.720 
23583.00207 	40.8482808 	109.4862923 	3278.894 	284.875 	-51.574 	14.177 	0.718 